Pager usage is off.
 year | fed_app_total_by_court | stays_in_fed_app_band | moved_to_recap_band
------+------------------------+-----------------------+---------------------
 2010 |                  44203 |                 43712 |                 491
 2011 |                  45599 |                 45271 |                 328
 2012 |                  37219 |                 36706 |                 513
 2013 |                  35486 |                 33637 |                1849
 2014 |                  34285 |                 33883 |                 402
 2015 |                  31149 |                 29620 |                1529
 2016 |                  31106 |                 28465 |                2641
 2017 |                  30450 |                 28753 |                1697
 2018 |                  25944 |                 24398 |                1546
 2019 |                  27961 |                 27584 |                 377
 2020 |                  23252 |                 23249 |                   3
 2021 |                  18559 |                 16555 |                2004
 2022 |                  18036 |                 16883 |                1153
 2023 |                  17336 |                  9402 |                7934
 2024 |                  17287 |                  7070 |               10217
 2025 |                  17771 |                  7468 |               10303
(16 rows)
